   6.6528669e-19
  -1.1548792e-01
  -1.9749679e-01
  -1.7115016e-01
  -7.6899034e-02
  -2.6968666e-02
  -3.5003802e-02
  -7.8798558e-02
  -1.1881746e-01
  -1.0818462e-01
  -5.6537038e-02
  -4.0168258e-02
  -6.1357102e-02
  -1.0684236e-01
  -1.0950119e-01
  -5.5052948e-02
   1.8455797e-02
   2.5932812e-02
  -1.0428373e-02
  -8.8086632e-02
  -1.3386819e-01
  -1.1385052e-01
  -4.6537704e-02
  -2.3422883e-02
  -3.3236302e-02
  -7.7728353e-02
  -8.5421202e-02
  -5.1450743e-02
   3.6180910e-03
   5.0715205e-03
  -1.2102685e-02
  -6.0053085e-02
  -5.8301345e-02
  -1.1624681e-02
   2.9783984e-02
   3.0756401e-02
  -9.0315348e-03
  -4.3973910e-02
  -3.6276052e-02
   5.4795274e-03
   4.1724865e-02
   3.8858651e-02
  -3.4901885e-02
  -9.1718796e-02
  -1.1512818e-01
  -9.1994468e-02
  -6.5537462e-02
  -5.3443852e-02
  -1.1090956e-02
  -8.4251603e-03
   2.0819753e-02
   2.3575625e-02
  -7.0737717e-04
  -4.8657783e-02
  -9.8209677e-02
  -1.0477458e-01
  -8.9968012e-02
  -8.7023929e-02
  -7.8182087e-02
  -8.4121639e-02
  -9.5742968e-02
  -9.3272902e-02
  -7.1177290e-02
  -6.5326268e-02
  -3.3188243e-02
  -2.2209807e-02
   3.7041617e-02
   4.3886678e-02
   2.8904625e-02
  -1.3269152e-02
  -8.2659134e-02
  -8.9246745e-02
  -9.0151491e-02
  -6.8669146e-02
  -1.7719137e-02
  -4.6013043e-03
   3.0038336e-02
   3.3729575e-02
   1.0639494e-02
  -2.3076389e-02
  -1.0633345e-01
  -1.1693126e-01
  -7.4746329e-02
  -3.7088741e-03
   3.4511595e-02
  -1.8313021e-02
  -1.0665152e-01
  -1.3739543e-01
  -8.9896505e-02
  -5.8955429e-03
   5.6923375e-02
   3.8183423e-02
  -6.3385855e-03
  -1.3953806e-02
   2.9613134e-03
   4.2700270e-02
  -1.9416091e-02
  -1.1410556e-01
  -1.8911662e-01
  -1.7739232e-01
  -3.1646355e-02
   6.9059292e-02
   6.2573814e-02
  -3.4543411e-02
  -1.3988286e-01
  -1.3761275e-01
  -3.1432203e-02
   5.9268873e-02
   5.9610572e-02
  -3.9248940e-02
  -1.5978554e-01
  -1.9351435e-01
  -1.7890583e-01
  -9.4021231e-02
  -1.7712599e-02
  -1.2806573e-02
  -4.2802105e-02
  -8.6417902e-02
  -1.6453446e-01
  -1.7030147e-01
  -1.6397021e-01
  -1.2673246e-01
  -3.4525897e-02
  -1.0116547e-02
  -6.3302231e-03
  -1.5574222e-02
  -5.8692836e-02
  -5.8619234e-02
  -6.5547529e-02
  -6.5497057e-02
  -6.5847405e-02
  -5.5707041e-02
  -1.3891358e-02
   2.1959235e-02
   2.7708271e-02
   1.3954871e-02
  -3.8317006e-02
  -4.1360423e-02
  -4.0930025e-02
  -9.3616018e-03
   1.0136661e-04
  -1.6555423e-02
  -7.7616372e-02
  -8.7001511e-02
  -9.2893859e-02
  -7.2576973e-02
  -4.9005472e-02
  -5.5432620e-02
  -8.9578552e-02
  -9.0159699e-02
  -7.1321643e-02
  -3.0102529e-02
  -2.5074892e-02
  -4.3014966e-02
  -8.7105849e-02
  -9.0217463e-02
  -8.5734241e-02
  -4.7243050e-02
  -3.5276572e-02
  -4.4260130e-02
  -8.4955723e-02
  -8.4472917e-02
  -6.3266920e-02
  -1.1826239e-02
   2.3960482e-02
   2.5999993e-02
  -1.5651691e-03
   1.3008760e-05
   3.4066824e-02
   1.2384138e-01
   1.9387128e-01
   1.9906474e-01
   1.3810264e-01
   2.3223315e-02
  -7.2899525e-02
  -7.5549450e-02
  -2.4587867e-03
   7.5669530e-02
   1.0313827e-01
   4.5659157e-02
  -3.6887749e-02
  -4.1834485e-02
   3.5971394e-03
   7.6067645e-02
   8.6826208e-02
   3.0288067e-02
  -3.3716364e-02
  -3.6868440e-02
   2.1337754e-02
   8.4923143e-02
   8.9740605e-02
   2.6666158e-02
  -3.7243191e-02
  -3.8454591e-02
   2.7809907e-02
   8.2006164e-02
   7.7648205e-02
   1.8492238e-02
  -4.7502887e-02
  -5.0547855e-02
  -1.5784219e-02
  -3.2445271e-03
  -6.1545839e-02
  -1.4414819e-01
  -1.7426757e-01
  -1.0984779e-01
   8.6726053e-03
   7.1633079e-02
   4.7321591e-02
  -3.1145807e-02
  -7.6721334e-02
  -3.3404179e-02
   4.3894531e-02
   6.3775404e-02
   2.6414471e-02
  -5.1855455e-02
  -9.4903437e-02
  -5.8560864e-02
  -1.0146193e-02
  -6.7701037e-03
  -5.1939795e-02
  -1.0565184e-01
  -9.6404034e-02
  -3.0712167e-02
   4.7785503e-02
   5.3378733e-02
   1.3594354e-02
  -4.0514743e-02
  -3.9038605e-02
   2.2535609e-02
   7.3992162e-02
   7.6216374e-02
   2.4656718e-02
  -2.2854076e-02
  -2.2209205e-02
   2.1876553e-02
   5.9508803e-02
   5.7192695e-02
  -3.6688558e-03
  -2.6400335e-02
  -1.7200697e-03
   6.3096423e-02
   1.1361318e-01
   1.0918395e-01
   4.4301819e-02
   7.2842581e-03
  -3.6937724e-03
  -2.2723777e-03
  -4.1581320e-02
  -8.0349995e-02
  -1.1415089e-01
  -9.1281634e-02
   3.2013966e-02
   1.0052948e-01
   9.8538874e-02
   3.4614713e-02
  -6.0036866e-02
  -6.4865060e-02
  -4.1313920e-02
  -4.3431038e-04
  -2.5399211e-02
  -8.7313717e-02
  -1.3226448e-01
  -1.1368978e-01
  -4.7347409e-03
   6.0649120e-02
   5.6032621e-02
   3.4933239e-03
  -3.7237373e-02
  -2.6669417e-02
   6.0874736e-02
   1.0865849e-01
   8.8089123e-02
   3.8817210e-02
   8.5589987e-03
   3.2461188e-02
   8.9938250e-02
   9.3045511e-02
   2.4410481e-02
  -5.4450013e-02
  -8.9801534e-02
  -4.2568890e-02
   4.4253322e-02
   7.4955545e-02
   4.8931127e-02
  -1.2829784e-02
  -4.2631355e-02
  -2.1838877e-02
  -1.2317716e-02
  -2.5530464e-02
  -1.0924903e-01
  -1.4253484e-01
  -6.5564442e-02
   5.7556442e-02
   1.4830208e-01
   1.3631246e-01
   3.6320483e-03
  -9.0172315e-02
  -9.8489878e-02
  -1.3491590e-02
   6.0994707e-02
   5.4125267e-02
  -4.5446687e-02
  -1.0882308e-01
  -8.3723976e-02
  -1.1675858e-02
   2.5415358e-02
  -1.7156697e-02
  -9.7634410e-02
  -1.2043262e-01
  -5.7864141e-02
   5.3315918e-02
   1.2126140e-01
   8.1948865e-02
  -1.0423491e-03
  -2.9219944e-02
   3.9580636e-04
   5.8268571e-02
   2.4220797e-02
  -7.1717986e-02
  -1.8713158e-01
  -1.9363658e-01
  -1.1410470e-01
   1.6941255e-02
   8.9697535e-02
   3.9175859e-02
  -6.6178041e-02
  -9.8064053e-02
  -7.4106499e-02
  -1.1754125e-02
  -2.0745934e-03
  -6.1731736e-02
  -1.2345413e-01
  -1.2712925e-01
  -6.8951752e-02
  -3.2112900e-03
   3.7219416e-03
  -4.9291993e-02
  -9.3242017e-02
  -9.1236481e-02
  -1.5737970e-02
   3.6713408e-02
   1.3465698e-02
  -5.6845731e-02
  -1.1512906e-01
  -1.0646160e-01
  -1.7249771e-02
   2.7499933e-02
  -2.8012493e-03
  -6.2609180e-02
  -1.0006106e-01
  -6.3194468e-02
   1.9693746e-02
   5.1386667e-02
  -1.4801138e-03
  -9.0524448e-02
  -1.0198345e-01
  -1.0922796e-02
   1.2848024e-01
   1.5589879e-01
   2.2957840e-02
  -1.2396611e-01
  -1.6836164e-01
  -6.3596037e-02
   1.2319714e-01
   1.9441092e-01
   1.2097910e-01
  -4.2030075e-02
  -1.5123063e-01
  -1.1637500e-01
  -1.8138021e-02
   4.4243205e-02
   3.0671714e-02
  -2.6545186e-02
  -4.1372864e-02
   1.7551453e-02
   7.1172659e-02
   7.2695262e-02
  -6.3708063e-03
  -7.7322837e-02
  -1.0692640e-01
  -6.0718924e-02
  -1.7429886e-02
  -2.0905333e-02
  -6.2232559e-02
  -7.9516190e-02
  -4.4258890e-02
   2.0269985e-02
   6.0610801e-02
   2.7326236e-02
  -5.7551164e-02
  -9.5064060e-02
  -6.2806625e-02
   2.2150004e-02
   8.1756593e-02
   5.3675028e-02
  -8.8384154e-02
  -1.8755857e-01
  -1.9569025e-01
  -1.0945006e-01
   1.6122185e-02
   3.3010794e-02
  -1.5836897e-02
  -1.1573646e-01
  -1.6286277e-01
  -1.0741881e-01
   1.0929657e-02
   7.8952954e-02
   7.3658652e-02
   1.8152786e-02
  -4.1483993e-02
  -4.5896347e-02
  -3.3305586e-02
  -3.3713803e-02
  -4.2835534e-02
  -5.1776982e-02
  -1.4647538e-02
   4.9128889e-02
   1.1245872e-01
   1.1206037e-01
  -2.9663332e-02
  -1.3460807e-01
  -1.5899531e-01
  -8.3796810e-02
   5.7883978e-02
   1.1092381e-01
   3.4531595e-02
  -1.0253571e-01
  -1.6878308e-01
  -1.1305372e-01
   3.0339130e-02
   1.1892720e-01
   1.1546822e-01
   1.6658093e-02
  -9.3582944e-02
  -1.1960557e-01
  -1.0238159e-01
  -8.1178379e-02
  -3.7768263e-02
  -3.4334683e-02
  -1.9839225e-02
  -1.9201561e-02
  -1.2722696e-02
  -1.6493355e-02
  -5.6822980e-02
  -5.8107776e-02
  -1.2963271e-02
   6.0673705e-02
   1.1241695e-01
   1.1555748e-01
   4.9985603e-02
  -4.1281162e-03
  -4.4779368e-02
  -3.1042035e-02
  -2.3028140e-02
  -3.2596374e-02
  -1.1866634e-01
  -1.5285451e-01
  -1.2280620e-01
  -3.2035746e-02
   6.0423295e-02
   6.2446596e-02
  -5.7228388e-02
  -1.5252108e-01
  -1.5587776e-01
  -4.4266063e-02
   9.9539634e-02
   1.1409652e-01
  -3.3519642e-02
  -2.2619508e-01
  -3.0665171e-01
  -2.2941593e-01
  -4.7058204e-02
   5.5877835e-02
   1.6224251e-02
  -1.1282933e-01
  -1.8736674e-01
  -1.3257226e-01
  -2.4228585e-02
   2.9449460e-02
  -3.0437818e-02
  -1.4325372e-01
  -1.9026729e-01
  -1.2533843e-01
  -1.4805091e-02
   1.9579379e-02
  -4.1782909e-02
  -1.4712808e-01
  -1.6185456e-01
  -8.5294724e-02
   1.4674455e-02
   1.8723809e-02
  -5.5363477e-02
  -1.6571885e-01
  -2.0998866e-01
  -1.5290874e-01
  -5.6401231e-02
  -4.7017059e-02
  -1.0027815e-01
  -1.7894601e-01
  -2.0152343e-01
  -1.4031865e-01
  -7.0561335e-02
  -6.5362832e-02
  -8.8485064e-02
  -1.1855503e-01
  -8.1329879e-02
  -2.5090128e-02
   5.9850367e-03
  -3.1192173e-02
  -1.0757290e-01
  -1.3003441e-01
  -5.4396251e-02
   8.6980812e-02
   1.6801602e-01
   1.4578265e-01
   2.9983479e-02
  -3.6745366e-02
  -2.2678144e-02
   5.0187243e-02
   9.1339865e-02
   4.9469469e-02
  -6.8698001e-02
  -1.3685705e-01
  -1.2205199e-01
  -5.2672762e-02
   3.2615199e-02
   4.0843002e-02
   8.8564158e-03
  -5.4616118e-02
  -1.0412431e-01
  -1.0857595e-01
  -6.1780138e-02
  -4.2365850e-02
   1.3165491e-03
  -2.9470237e-03
  -5.4851863e-02
  -8.6036563e-02
  -1.3492904e-01
  -1.3641213e-01
  -1.0388909e-01
  -9.7738274e-02
  -7.1366909e-02
  -6.8083556e-02
  -7.1900860e-02
  -7.2207183e-02
  -6.2796214e-02
  -5.6782937e-02
  -3.2200979e-02
  -2.9198242e-02
  -2.4611905e-02
  -2.3387914e-02
  -2.1664158e-02
  -2.1336585e-02
  -1.9884939e-02
  -1.7743512e-02
  -1.4573055e-02
  -1.2754991e-02
   3.5845336e-03
   6.4833176e-03
   1.8473131e-02
   1.9033693e-02
   2.4087087e-02
   2.3764567e-02
   2.2880250e-02
   2.3515070e-02
   2.5256052e-02
   2.5986364e-02
   4.1116516e-02
   4.2182025e-02
   4.0082249e-02
   3.9633297e-02
   3.4876053e-02
   3.4719255e-02
   1.3107006e-02
   9.7971511e-03
  -1.5784176e-02
  -1.5601098e-02
  -8.1349719e-03
  -1.8240567e-03
   2.0728989e-02
   2.0189587e-02
   1.2045183e-02
   1.1104246e-02
   3.8264701e-03
  -3.9800166e-04
  -1.2493474e-02
  -1.6648023e-02
  -2.7483331e-02
  -2.8720594e-02
  -3.1306614e-02
  -3.3107584e-02
  -7.8980991e-02
  -9.9863229e-02
  -1.1571744e-01
  -1.0190177e-01
  -6.1123905e-02
  -6.1565020e-02
  -5.2167748e-02
  -5.3408112e-02
  -4.6090119e-02
  -2.5404231e-02
   3.1042497e-02
   3.4262643e-02
   1.8327944e-02
  -1.1422709e-02
  -5.6108108e-02
  -5.5543194e-02
  -5.2742492e-02
  -4.9134613e-02
  -3.9144224e-02
  -3.3296384e-02
  -1.3500686e-02
  -5.5551663e-03
   1.9848795e-02
   2.3706602e-02
   1.0750006e-02
   9.4069008e-03
   6.2900701e-03
   8.3303079e-03
   1.9620136e-02
   1.8824454e-02
   3.3383586e-03
   2.6574732e-03
   6.2765632e-03
   7.9471757e-03
   2.3394061e-02
   2.1509169e-02
   1.2612513e-02
   1.1132710e-02
   2.4086827e-03
  -1.5554694e-03
  -1.7088425e-02
  -2.2103450e-02
  -4.5557831e-02
  -4.7147039e-02
  -2.5242121e-02
  -2.0897729e-02
  -1.8731820e-02
  -2.8773880e-02
  -8.0755826e-02
  -8.5354127e-02
  -1.0619394e-01
  -1.0940827e-01
  -1.2256854e-01
  -1.2946024e-01
  -1.1491919e-01
  -5.2244387e-02
   4.0910863e-02
   6.6302834e-02
   5.5033566e-02
   1.2560219e-02
  -3.0825658e-02
  -3.1686845e-02
  -7.6218946e-03
  -2.9804999e-03
  -5.9909310e-03
  -2.0968258e-02
  -3.0099217e-02
  -1.7296351e-02
   3.5417220e-02
   4.1261166e-02
   4.2751362e-02
   2.0079652e-02
   4.4238818e-02
   8.0035310e-02
   1.0972646e-01
   6.2393149e-02
  -7.9726538e-02
  -1.5139803e-01
  -1.1314038e-01
   3.8882520e-02
   1.5179547e-01
   1.5213521e-01
   2.6537069e-02
  -1.0049491e-01
  -1.2066970e-01
  -1.8571894e-02
   1.1025706e-01
   1.1497121e-01
   3.5357463e-02
  -7.7184181e-02
  -1.0558246e-01
  -4.0699496e-02
   6.3450794e-03
  -7.9785925e-03
  -1.1972038e-01
  -1.7991102e-01
  -1.2677067e-01
   2.8499267e-03
   1.0282982e-01
   8.7116171e-02
  -3.1232395e-02
  -1.1177884e-01
  -1.2616447e-01
  -6.2092060e-02
  -2.0482950e-02
  -4.3389614e-02
  -1.0393126e-01
  -1.1115106e-01
  -5.6300510e-02
   2.1287418e-02
   4.2806259e-02
  -1.9861397e-02
  -1.0742788e-01
  -1.0785692e-01
  -4.5825884e-02
   4.3679781e-02
   7.0255670e-02
   7.6187075e-03
  -8.1340413e-02
  -8.6606878e-02
  -3.7418722e-02
   4.3492622e-02
   6.8103736e-02
   1.5425914e-02
  -4.4551933e-02
  -4.7072747e-02
  -4.3523365e-02
  -3.0928639e-02
  -7.5874207e-02
  -1.3698857e-01
  -1.3784709e-01
  -6.6169559e-02
   3.2681389e-02
   5.6939215e-02
   2.8355007e-03
  -1.0213608e-01
  -1.3717569e-01
  -8.3744118e-02
   1.3619234e-02
   5.2296636e-02
   1.2532165e-02
  -6.8737749e-02
  -9.2261209e-02
  -3.7765923e-02
   3.8539433e-02
   4.4410506e-02
  -8.3251044e-03
  -8.2854964e-02
  -9.5662623e-02
  -3.4596226e-02
   2.9728110e-02
   2.8550781e-02
  -6.8429022e-02
  -1.5214669e-01
  -1.8156154e-01
  -1.1382792e-01
  -2.9902696e-02
  -2.3925238e-02
  -4.7191081e-02
  -9.4504681e-02
  -6.5776635e-02
   4.6450013e-03
   7.7961609e-02
   7.7473410e-02
  -4.9728113e-03
  -6.8262812e-02
  -6.5083035e-02
  -1.0025554e-02
   1.0086189e-02
  -2.5394528e-02
  -1.1436002e-01
  -1.4334903e-01
  -7.0869295e-02
   5.1159364e-02
   1.2611225e-01
   7.5775319e-02
  -3.2757549e-02
  -8.1212490e-02
  -1.6737079e-02
   1.0612697e-01
   1.4897972e-01
   5.3947762e-02
  -1.2157468e-01
  -1.9658668e-01
  -1.4184788e-01
  -2.0451499e-02
   4.7498861e-02
  -1.9938986e-02
  -1.6143620e-01
  -2.1476620e-01
  -1.5405170e-01
  -2.3719919e-02
   4.4174869e-02
  -3.4272520e-04
  -9.4241947e-02
  -1.2720171e-01
  -1.1093196e-01
  -5.9963000e-02
  -6.1081754e-02
  -1.1703640e-01
  -1.4456403e-01
  -1.2642897e-01
  -3.4598399e-02
   1.0766630e-02
  -2.7429981e-02
  -1.0609853e-01
  -1.4960872e-01
  -1.0438315e-01
  -2.0853305e-02
   1.5115227e-02
  -5.7160754e-02
  -1.7935166e-01
  -2.3417828e-01
  -1.7206798e-01
  -1.5257084e-02
   8.6250151e-02
   7.0272282e-02
  -6.8743705e-02
  -2.0860172e-01
  -2.1312736e-01
  -1.2147008e-01
   1.5639615e-02
   7.2219007e-02
   6.0221809e-03
  -1.1025911e-01
  -1.3678181e-01
  -9.5435411e-02
  -1.7134336e-02
   1.8213486e-02
  -3.2665228e-02
  -8.7516631e-02
  -8.7484902e-02
  -4.6594802e-02
  -1.7959797e-02
  -8.8714442e-02
  -1.7916462e-01
  -2.2437610e-01
  -1.7768589e-01
  -5.0405134e-02
   2.2210888e-02
   5.1079083e-03
  -6.9443695e-02
  -1.2862086e-01
  -9.7820297e-02
  -2.6991446e-02
   4.7959341e-03
  -7.0320252e-02
  -1.6385421e-01
  -1.9890380e-01
  -1.3654452e-01
  -2.5629245e-02
   2.1043966e-02
  -8.1031082e-03
  -8.7349784e-02
  -1.1760138e-01
  -6.1630600e-02
   2.2173369e-02
   3.7730546e-02
  -4.1967197e-03
  -7.7220560e-02
  -9.4783725e-02
  -3.3246388e-02
   4.9127002e-02
   6.4340769e-02
   4.3713807e-02
  -1.1642909e-02
  -1.3473385e-02
   4.8401150e-02
   1.0840569e-01
   1.1149537e-01
   5.4989985e-02
   2.5045807e-04
   3.1276271e-03
   5.9999429e-02
   1.2275180e-01
   1.2449365e-01
   7.2892712e-02
   2.6360232e-02
   3.1633966e-02
   7.6769758e-02
   1.2418997e-01
   1.1503587e-01
   3.6466067e-02
  -2.6264583e-02
  -3.6788052e-02
   2.2056529e-03
   1.6689094e-02
  -2.5537654e-03
  -7.6524789e-02
  -9.4268284e-02
  -7.2176915e-02
   2.9337500e-05
   5.5005958e-02
   2.1785848e-02
  -5.8290652e-02
  -9.8241941e-02
  -7.6882664e-02
  -2.5312110e-02
   3.4775528e-03
  -2.3828760e-02
  -9.8227948e-02
  -1.2510387e-01
  -1.1050124e-01
  -6.5077046e-02
  -3.9882640e-02
  -4.8542443e-02
  -9.6083456e-02
  -9.4686828e-02
  -7.2197073e-02
  -2.3801743e-02
  -2.3276239e-02
  -6.4070490e-02
  -9.8727189e-02
  -9.7862143e-02
  -5.8140108e-02
  -1.9222902e-02
  -1.2225513e-02
  -4.1936218e-02
  -6.7334470e-02
  -6.4570756e-02
  -1.4767973e-03
   2.9216402e-02
   2.4399657e-02
  -1.2219483e-02
  -4.2628029e-02
  -3.8704657e-02
   1.4530636e-02
   2.4551112e-02
   2.9969868e-03
  -5.2882548e-02
  -7.8755933e-02
  -6.2510889e-02
   9.4126015e-03
   4.1069067e-02
   2.3393639e-02
  -1.8718628e-02
  -4.1284087e-02
  -2.5750943e-02
   4.0374557e-02
   6.4305840e-02
   4.1105078e-02
  -1.4604603e-02
  -5.3409718e-02
  -5.7426991e-02
  -3.1878877e-02
  -3.4334695e-02
  -5.9203869e-02
  -1.0733231e-01
  -1.1726124e-01
  -8.2889712e-02
  -4.3444499e-02
  -4.4200190e-02
  -5.9057551e-02
  -9.5575684e-02
  -9.6141160e-02
  -6.1396461e-02
  -3.3618672e-02
  -3.3817034e-02
  -6.5972044e-02
  -8.4658783e-02
  -8.0260522e-02
  -5.8047882e-02
  -3.9704949e-02
  -5.0521156e-02
  -1.3500598e-01
  -1.6707759e-01
  -1.5767623e-01
  -7.9359592e-02
   3.3577298e-02
   5.7202754e-02
   4.7321202e-02
  -2.4096652e-02
  -1.0797372e-01
  -1.1042481e-01
  -8.4799129e-02
  -1.3513492e-02
   4.6151172e-02
   4.7473091e-02
   2.6552518e-02
  -4.7000158e-03
  -3.4598585e-02
  -3.2136665e-02
  -4.7661449e-03
  -3.8267206e-03
   3.1884316e-03
   2.5195051e-03
   6.6703002e-03
   6.9848460e-03
   1.8938564e-02
   1.9278568e-02
   1.4761679e-02
   1.2772717e-02
   6.9885853e-03
   8.5255553e-03
   2.6376143e-02
   2.6440896e-02
   2.8936734e-02
   2.7228485e-02
   1.9433461e-02
   1.9277821e-02
   2.2290195e-02
   2.2296495e-02
   2.8413385e-03
  -2.2715468e-02
  -6.1559002e-02
  -6.2100557e-02
  -2.9144485e-02
  -2.1797798e-02
  -1.8939280e-02
  -2.6666303e-02
  -6.9771230e-02
  -6.9494058e-02
  -6.1376675e-02
  -3.5399945e-02
  -1.7208084e-02
  -2.0397461e-02
  -4.8648177e-02
  -4.9398342e-02
  -4.6946210e-02
  -4.3323163e-02
  -3.2012293e-02
  -3.1905521e-02
  -4.1203882e-02
  -4.0293818e-02
  -3.2231694e-02
  -3.0579748e-02
  -3.2142011e-02
  -4.2995747e-02
  -7.5941156e-02
  -7.5680401e-02
  -5.6945302e-02
  -4.2855195e-02
  -3.4831525e-02
  -3.9473849e-02
  -6.3226247e-02
  -6.4126296e-02
  -5.7931701e-02
  -5.0021458e-02
  -4.5011305e-02
  -4.5928817e-02
  -6.1989414e-02
  -6.2355676e-02
  -5.3905175e-02
  -5.0157893e-02
  -4.9965426e-02
  -5.0670555e-02
  -5.8811159e-02
  -5.4446188e-02
  -2.7574862e-02
  -2.5684276e-02
  -2.5749850e-02
  -3.5118181e-02
  -5.2055053e-02
  -5.0727532e-02
  -2.4485470e-02
  -2.2759869e-02
  -1.8370214e-02
  -2.9415184e-02
  -4.4897252e-02
  -4.1232698e-02
  -1.0119362e-02
  -8.6497760e-03
  -9.8678815e-03
  -1.9324804e-02
  -3.6847781e-02
  -3.3020809e-02
  -5.4671578e-03
  -3.8820980e-03
   6.9367759e-03
   8.8690571e-03
   2.2929365e-02
   2.6968459e-02
   4.9044189e-02
   4.9610232e-02
   2.7893372e-02
   2.5664003e-02
   2.1187161e-02
   1.6151543e-02
  -4.0053739e-02
  -1.1062155e-01
  -1.5355397e-01
  -1.5208991e-01
  -6.6140659e-02
  -1.2449601e-03
   4.7360227e-02
   3.1746704e-02
   1.6719491e-02
   2.4078455e-02
   7.9195316e-02
   8.7398696e-02
   4.9499768e-02
  -2.9168862e-02
  -1.0875653e-01
  -1.0974840e-01
  -3.9077346e-02
   3.4632359e-02
   9.1977629e-02
   9.3152419e-02
   4.7368126e-02
   5.5175798e-04
  -5.9225273e-02
  -6.5861533e-02
  -6.1631604e-02
  -2.9857202e-02
   4.4004882e-02
   4.7199673e-02
   1.1980799e-02
  -5.7674325e-02
  -9.2588743e-02
  -4.9716042e-02
   8.9364790e-02
   1.8196877e-01
   1.9538070e-01
   1.1241249e-01
  -2.7844615e-02
  -8.4604184e-02
  -6.0401350e-02
   1.1905714e-02
   7.1173381e-02
   5.1046826e-02
   1.2509090e-02
   7.5651138e-03
   2.5273102e-02
   7.3427940e-02
   4.0422402e-02
  -9.1869816e-03
  -5.5283086e-02
  -4.5537770e-02
   2.9021327e-02
   6.6360695e-02
   2.9964954e-02
  -4.8249683e-02
  -1.1734733e-01
  -1.0952181e-01
  -3.4721339e-02
   1.3999063e-02
  -1.1226353e-02
  -7.5468770e-02
  -1.2677660e-01
  -1.1834245e-01
  -4.1539576e-02
   1.7397113e-02
   2.1234556e-02
  -3.3219672e-02
  -9.8106731e-02
  -1.0182816e-01
  -8.4135151e-02
  -4.5804927e-02
  -2.7211912e-02
  -4.0734983e-02
  -7.7634809e-02
  -7.7526642e-02
  -8.5273700e-02
  -8.3707885e-02
  -7.3003829e-02
  -7.1644197e-02
  -6.2581386e-02
  -6.1421511e-02
  -4.0621500e-02
  -3.9849183e-02
  -4.2080874e-02
  -4.1420995e-02
  -3.6695243e-02
  -3.4313572e-02
  -4.5795410e-02
  -6.8635414e-02
  -1.3950551e-01
  -1.3284947e-01
  -2.7368361e-02
   6.5775211e-02
   1.1079694e-01
   5.0264817e-02
  -9.0823776e-02
  -1.6187375e-01
  -1.2852333e-01
  -1.9060109e-02
   8.0890170e-02
   7.2994183e-02
  -2.0211631e-02
  -8.0782256e-02
  -4.8669204e-02
   3.6801498e-02
   8.6325354e-02
   4.1950671e-02
  -5.8940142e-02
  -1.0663669e-01
  -6.6841264e-02
  -2.2745685e-03
  -4.3086549e-02
  -1.5121064e-01
  -2.5618196e-01
  -2.5298115e-01
  -1.0244007e-01
   3.2474343e-02
   4.2515668e-02
  -8.0227731e-02
  -2.1772659e-01
  -2.2182681e-01
  -1.1910719e-01
   7.3442825e-03
   1.9353896e-02
  -9.1814304e-02
  -1.9539935e-01
  -1.9149109e-01
  -6.9503717e-02
   3.7393607e-02
   5.8249905e-02
  -2.7707723e-02
  -1.2325796e-01
  -1.5536343e-01
  -1.2251060e-01
  -4.6160143e-02
   2.0693351e-02
   3.1058099e-02
   1.3794594e-02
   7.4326265e-03
  -6.3804900e-02
  -6.5128471e-02
  -5.3424000e-02
  -4.0252596e-02
   1.8565495e-02
   1.9838377e-02
   1.3217734e-02
  -1.7055821e-02
  -2.2548632e-02
  -5.4162195e-03
   4.9183331e-02
   5.4657339e-02
   6.5344082e-02
   5.4536689e-02
   2.4077498e-02
   1.0253843e-02
  -2.9471583e-02
  -3.6705377e-02
  -4.7040902e-02
  -4.3429734e-02
  -7.6719298e-03
  -1.1400890e-02
  -7.4638017e-02
  -1.2662051e-01
  -1.4171910e-01
  -1.0055978e-01
  -6.2042325e-02
  -6.4542854e-02
  -1.1124993e-01
  -1.7409853e-01
  -1.7631921e-01
  -8.2180991e-02
   4.8482687e-02
   7.6844850e-02
   6.2365230e-03
  -1.2512555e-01
  -1.8274972e-01
  -1.3099120e-01
   2.0261748e-03
   7.7004158e-02
   4.4630217e-02
  -6.1199116e-02
  -1.3809267e-01
  -1.1958692e-01
  -8.4422074e-03
   7.3524970e-02
   8.9253583e-02
   3.6769000e-02
   6.2759731e-04
   1.5253584e-02
   8.2833391e-02
   1.0159699e-01
   8.7362287e-02
   3.9944086e-02
   3.0066716e-02
   6.8867310e-02
   1.2010536e-01
   1.2309527e-01
   8.2290195e-02
   2.9265632e-02
   3.5696693e-02
   8.8616731e-02
   1.3639145e-01
   1.3539330e-01
   5.7587955e-02
   2.0828699e-04
   4.4255621e-03
   6.6446946e-02
   1.2546657e-01
   1.1775125e-01
  -2.4367612e-02
  -1.2701805e-01
  -1.4095078e-01
  -5.6234650e-02
   8.6591324e-02
   1.2319093e-01
   1.7996088e-02
  -1.3078799e-01
  -2.1522571e-01
  -1.6110453e-01
  -1.4509033e-02
   6.7553266e-02
   3.0663743e-02
  -9.1628228e-02
  -1.7379229e-01
  -1.4062345e-01
  -2.9999573e-02
   2.9404221e-02
   2.8105092e-04
  -1.0022221e-01
  -1.5982239e-01
  -1.1958893e-01
  -2.3995904e-02
   2.2017763e-02
  -3.3793519e-02
  -1.3820694e-01
  -1.9601512e-01
  -1.5231966e-01
  -4.9948018e-02
  -1.2693896e-03
  -3.7956357e-02
  -1.0706789e-01
  -1.2762947e-01
  -6.5680694e-02
   5.2061646e-02
   8.5118362e-02
   5.7150815e-02
  -2.2088946e-02
  -5.0314455e-02
  -1.2256396e-03
   5.0992855e-02
   5.0585221e-02
  -3.2972828e-02
  -1.0192386e-01
  -8.3042774e-02
   1.7228291e-02
   1.3967576e-01
   1.4407041e-01
   4.9075820e-02
  -6.4055218e-02
  -1.0684505e-01
  -4.1890597e-02
   7.0111225e-02
   1.0403637e-01
   7.0959490e-02
  -1.6137574e-03
  -1.3412378e-02
   4.5399697e-02
   1.1748990e-01
   1.1759997e-01
   5.4622884e-02
  -1.5459210e-02
  -1.4977608e-02
   4.9510806e-02
   1.1479711e-01
   1.1217167e-01
   2.7993911e-02
  -2.8072282e-02
  -1.9877463e-02
   4.5972819e-02
   1.1637622e-01
   1.1193793e-01
   7.7671014e-03
  -7.0065317e-02
  -9.9537198e-02
  -4.7559390e-02
   3.1759545e-03
   5.1638834e-03
  -1.1949160e-02
  -2.6362370e-02
  -7.6073575e-03
   3.7023683e-02
   7.2547435e-02
   6.2145389e-02
   6.7351905e-03
  -4.3303035e-03
   5.2693900e-03
   5.7549725e-02
   6.9872358e-02
   4.9225102e-02
  -3.8585932e-04
   1.1012577e-02
   1.4171109e-01
   2.3480468e-01
   1.9782152e-01
   1.0041025e-04
  -1.8005066e-01
  -1.8717888e-01
  -2.5677700e-02
   1.7994285e-01
   1.9737831e-01
   4.8100934e-03
  -2.2361783e-01
  -2.3165265e-01
  -1.7662392e-03
   2.4288980e-01
   2.5943821e-01
   1.1560658e-02
  -2.6817170e-01
  -2.8684447e-01
  -5.2645143e-02
   2.3511237e-01
   3.0169035e-01
   8.2483520e-02
  -1.9959236e-01
  -2.3852995e-01
  -3.5982058e-02
   2.0988386e-01
   2.1827031e-01
  -1.0866296e-02
  -2.6292448e-01
  -2.6275061e-01
  -4.4923616e-02
   2.0403926e-01
   2.0612306e-01
  -2.8406815e-02
  -2.6096499e-01
  -2.5324195e-01
  -2.1791528e-02
   2.0062832e-01
   1.6367395e-01
  -8.7667325e-02
  -3.0920140e-01
  -2.8915243e-01
  -3.3260633e-02
   1.8128359e-01
   1.4138363e-01
  -1.1086552e-01
  -3.0979484e-01
  -2.8235112e-01
  -5.9351685e-02
   1.2740035e-01
   8.2161192e-02
  -1.3673116e-01
  -2.7255209e-01
  -1.9466291e-01
   3.8405882e-02
   1.7707548e-01
   9.3280422e-02
  -1.2756567e-01
  -2.3412439e-01
  -1.1717235e-01
   1.4054133e-01
   2.7865748e-01
   1.7055515e-01
  -6.3674199e-02
  -1.9611814e-01
  -9.5286283e-02
   1.3254762e-01
   2.3312842e-01
   6.8455185e-02
  -1.8599510e-01
  -3.0247801e-01
  -1.7195769e-01
   9.8111688e-02
   2.2706512e-01
   1.1442929e-01
  -1.0982553e-01
  -1.8516349e-01
  -3.3263476e-02
   2.0576069e-01
   2.7540524e-01
   1.1996713e-01
  -1.2503047e-01
  -1.9425147e-01
  -4.2782650e-02
   1.8278662e-01
   2.3320896e-01
   2.9813213e-02
  -2.3926908e-01
  -3.3790562e-01
  -1.9526347e-01
   7.8179617e-02
   1.8535631e-01
   7.0286990e-02
  -1.6029421e-01
  -2.8589194e-01
  -2.1241972e-01
  -2.4961431e-02
   9.6008354e-02
   6.0934453e-02
  -5.8229795e-02
  -1.2833185e-01
  -7.0486197e-02
   2.9959830e-02
   5.8354680e-02
   1.9184083e-04
  -9.1018292e-02
  -1.0083035e-01
  -1.4595970e-02
   9.6120484e-02
   1.0270898e-01
   4.1383015e-02
  -5.4607005e-02
  -8.0636440e-02
  -3.3451638e-02
   1.9848292e-02
   1.6943929e-02
  -3.6318118e-02
  -5.3263652e-02
   1.0770784e-02
   9.9285586e-02
   8.3299188e-02
  -5.3928244e-02
  -2.0553254e-01
  -2.3590938e-01
  -9.5425035e-02
   8.1291123e-02
   1.5686765e-01
   6.0075856e-02
  -1.4627232e-01
  -2.1360715e-01
  -1.0515597e-01
   1.1503212e-01
   2.2288914e-01
   1.3733404e-01
  -7.3766214e-02
  -1.8225639e-01
  -1.1183961e-01
   5.3213067e-02
   1.7620290e-01
   1.2991912e-01
  -3.7736629e-02
  -2.0193699e-01
  -2.2027620e-01
  -1.2910260e-01
   8.4314484e-03
   4.5278246e-02
   1.2763377e-02
  -7.4814152e-02
  -1.6034916e-01
  -1.6471566e-01
  -1.2246274e-01
  -9.0298111e-02
  -7.8755007e-02
  -8.0117145e-02
  -4.6972652e-02
  -1.5060007e-02
   2.8136299e-02
   2.9140992e-02
  -3.1762425e-02
  -6.7210340e-02
  -5.4629868e-02
  -1.3871645e-02
   2.3760312e-02
   2.3437668e-02
  -3.5040674e-02
  -6.6455212e-02
  -5.7555789e-02
  -1.3256463e-02
   2.6006113e-02
   2.7061388e-02
  -1.3495204e-02
  -2.2670355e-02
  -2.2956048e-02
  -1.9162785e-02
  -3.1847340e-02
  -4.7646908e-02
  -8.7630440e-02
  -8.8005530e-02
  -3.9174644e-02
  -4.9310882e-03
   1.9482966e-02
   4.2139735e-03
  -2.2410940e-03
   7.0568970e-04
   2.8793748e-02
   2.3490010e-02
  -9.2526975e-03
  -5.4933235e-02
  -7.6450689e-02
  -5.7452201e-02
  -1.1879514e-02
  -1.1203790e-02
  -1.8056358e-02
  -6.1848675e-02
  -6.0305736e-02
   1.0537751e-02
   1.2263872e-01
   1.5506093e-01
   9.2755076e-02
  -2.1242825e-02
  -8.5150807e-02
  -6.2780620e-02
   7.2074092e-02
   1.5652690e-01
   1.3163207e-01
   1.4696350e-03
  -1.3503586e-01
  -1.3853214e-01
  -6.8013666e-02
   4.5425538e-02
   1.0927400e-01
   6.8472509e-02
   4.3764213e-03
  -1.1464828e-03
   9.0642725e-03
   5.3697540e-02
   5.0211811e-02
   1.2909230e-02
  -4.7956573e-03
  -2.0283229e-03
   5.3507535e-02
   6.3191933e-02
   3.7465915e-02
  -2.2040679e-02
  -3.1660402e-02
   2.0718865e-02
   9.9850860e-02
   1.0760673e-01
   9.5128294e-03
  -1.1489185e-01
  -1.5759895e-01
  -8.5088365e-02
   7.5712571e-02
   1.6362662e-01
   1.1167026e-01
  -1.4012829e-02
  -1.0949741e-01
  -7.1257723e-02
   5.3616770e-02
   1.1845626e-01
   6.8682695e-02
  -4.6420558e-02
  -1.1583935e-01
  -7.2034585e-02
   3.0909467e-02
   7.4741719e-02
  -5.7346960e-03
  -1.3460400e-01
  -1.8095483e-01
  -9.8801127e-02
   6.5180937e-02
   1.2658578e-01
   5.9839161e-02
  -8.1755608e-02
  -1.4016393e-01
  -7.5292002e-02
   5.2522783e-02
   1.0621428e-01
   3.8016744e-02
  -7.8773429e-02
  -1.0116819e-01
  -1.1529292e-03
   1.4756731e-01
   1.8881691e-01
   7.8975003e-02
  -8.2003698e-02
  -1.5893607e-01
  -9.2935318e-02
   6.0453858e-02
   1.4650085e-01
   1.1324309e-01
   1.6486904e-02
  -3.2240490e-02
   2.2946643e-02
   1.0378180e-01
   1.1188444e-01
   4.0688099e-02
  -5.4970986e-02
  -7.9044820e-02
  -8.3948075e-03
   9.2550529e-02
   9.7498276e-02
   2.9846024e-02
  -6.7668571e-02
  -8.1644506e-02
  -2.6992398e-03
   7.7922615e-02
   7.0133228e-02
  -7.9998312e-02
  -2.0715166e-01
  -2.1917122e-01
  -1.2095345e-01
   1.9603511e-02
   4.3429400e-02
  -2.0593772e-02
  -1.2132537e-01
  -1.1916377e-01
  -1.7212861e-02
   1.0575637e-01
   1.0949902e-01
   1.3281509e-02
  -1.0189947e-01
  -1.3080291e-01
  -5.5508051e-02
   9.6486664e-03
   5.7270091e-03
  -1.0089009e-01
  -1.7389888e-01
  -1.5490633e-01
  -4.8907668e-02
   4.6739040e-02
   4.6205099e-02
  -3.9551724e-02
  -9.5788153e-02
  -4.2035872e-02
   6.0844394e-02
   1.1890793e-01
   5.9147647e-02
  -8.6757160e-02
  -1.6046793e-01
  -1.2709596e-01
   1.0990701e-03
   1.1760548e-01
   1.0427461e-01
  -2.1276932e-02
  -9.8467132e-02
  -7.7315214e-02
   3.2108104e-02
   1.1112521e-01
   9.4686040e-02
  -2.8062699e-02
  -9.3458733e-02
  -7.1484366e-02
   3.1028004e-02
   1.0779494e-01
   8.7243576e-02
  -1.0022836e-02
  -6.2749418e-02
  -1.5324573e-02
   8.2373155e-02
   1.4016323e-01
   8.9677331e-02
  -1.0301958e-02
  -5.7419106e-02
  -1.2628789e-02
   8.4218382e-02
   1.2560932e-01
   6.2073199e-02
  -6.7268920e-02
  -1.4709763e-01
  -1.2600883e-01
  -5.6751240e-02
   2.1633125e-02
   1.2758804e-02
  -4.4008870e-02
  -7.6722186e-02
  -6.2743259e-02
  -2.1544939e-02
  -1.2687238e-02
  -5.4175442e-02
  -1.1027846e-01
  -1.1588523e-01
  -1.0340182e-01
  -5.1633291e-02
  -5.1392367e-02
  -9.2262107e-02
  -1.2637547e-01
  -1.2566323e-01
  -6.7797321e-02
  -1.5117148e-02
   5.7996384e-03
  -2.7440402e-02
  -4.4967979e-02
  -4.5526288e-02
  -1.1927809e-02
   3.8084193e-03
   3.8193251e-03
  -6.1542047e-03
  -1.8796253e-02
  -9.0493363e-03
   3.9061693e-02
   3.7806250e-02
   6.5974127e-03
  -4.7558168e-02
  -6.8666853e-02
  -4.8236934e-02
  -4.5890372e-03
  -1.9400427e-03
  -1.1863971e-02
  -5.4854351e-02
  -5.8784053e-02
  -1.8603812e-02
   1.8717808e-02
   1.8476373e-02
  -9.6486044e-03
  -5.7194277e-02
  -7.6519348e-02
  -6.8098410e-02
  -8.9710267e-02
  -1.0599896e-01
  -1.2995351e-01
  -7.0507997e-02
   3.4357241e-02
   9.3400930e-02
   3.9319339e-02
  -7.6285869e-02
  -1.6184000e-01
  -1.4039979e-01
   3.4438321e-02
   1.5114969e-01
   1.3672769e-01
  -3.9495923e-03
  -1.8221851e-01
  -1.9843982e-01
  -1.2621938e-01
  -6.0497745e-03
   4.6333552e-02
  -7.1846292e-03
  -8.0668738e-02
  -7.9680842e-02
  -3.5356083e-02
   4.5287339e-03
  -4.8626260e-02
  -1.3356008e-01
  -1.6474432e-01
  -1.0327705e-01
   1.7872592e-02
   5.3730785e-02
  -6.0100505e-02
  -2.1236863e-01
  -2.8034390e-01
  -2.1539714e-01
  -5.9113986e-02
   1.9800647e-02
  -2.3488431e-02
  -1.3530524e-01
  -1.8384006e-01
  -1.1623936e-01
   3.8251693e-03
   5.1359709e-02
  -2.2916951e-02
  -1.4136996e-01
  -1.7234272e-01
  -8.4277704e-02
   4.9049803e-02
   9.0461465e-02
   1.7214599e-02
  -1.0138104e-01
  -1.3046214e-01
  -5.0854957e-02
   6.0632186e-02
   7.1290202e-02
  -1.7337789e-02
  -1.3324914e-01
  -1.6617431e-01
  -7.9592722e-02
   3.1441288e-02
   3.6937674e-02
  -4.6713715e-02
  -1.5713190e-01
  -1.8735635e-01
  -1.0389564e-01
   9.9028431e-04
   4.4458146e-03
  -5.8237023e-02
  -1.4234245e-01
  -1.4194161e-01
  -5.0854041e-02
   3.9099909e-02
   3.9966705e-02
  -5.4685002e-02
  -1.3353385e-01
  -1.1793994e-01
  -2.8514925e-02
   5.1527382e-02
   4.8054399e-02
  -5.5082901e-02
  -1.1985723e-01
  -1.0406335e-01
  -1.4450403e-02
   5.7047635e-02
   4.4875704e-02
  -4.5731277e-02
  -9.7720275e-02
  -6.4372963e-02
   1.4103147e-02
   6.5744484e-02
   2.6909423e-02
  -6.1808677e-02
  -1.1018570e-01
  -7.0802455e-02
   3.2461661e-03
   4.2797612e-02
  -1.2761351e-02
  -1.0912998e-01
  -1.4916720e-01
  -1.0697630e-01
  -1.1688030e-02
   4.3978775e-02
  -5.4711313e-03
  -9.2603797e-02
  -1.2556229e-01
  -8.7322212e-02
  -6.5370804e-03
   2.7251488e-02
  -2.5043076e-02
  -9.7605438e-02
  -1.1499312e-01
  -7.8987443e-02
  -1.4562618e-04
   3.3052543e-02
  -1.3872752e-02
  -6.9563866e-02
  -6.8862183e-02
  -2.5623822e-02
   2.2936689e-02
  -8.5649869e-03
  -9.8175865e-02
  -1.8459381e-01
  -1.8460278e-01
  -5.8557529e-02
   4.4390049e-02
   9.6179954e-02
   3.8504675e-02
  -3.0531655e-02
  -2.7839002e-02
   3.0925736e-02
   8.0066348e-02
   6.4345021e-02
  -5.2276386e-03
  -7.8218052e-02
  -7.9241420e-02
  -1.4153506e-02
   3.1714426e-02
   1.1971696e-02
  -3.2914724e-02
  -4.5927643e-02
  -3.6230371e-03
   6.4654723e-02
   7.8622337e-02
   4.4688797e-02
  -3.6763630e-02
  -7.6112614e-02
  -4.6910588e-02
   4.0033212e-03
   3.0820416e-03
  -2.6650879e-02
  -7.8812882e-02
  -7.2411059e-02
  -2.4001477e-02
   8.0444577e-03
   4.0461849e-04
  -1.0633898e-01
  -1.5773996e-01
  -1.1939603e-01
  -2.0206031e-02
   7.8302830e-02
   7.6640450e-02
  -1.4737436e-02
  -8.2898940e-02
  -8.7335648e-02
  -2.3734954e-02
   4.0775368e-02
   3.1368344e-02
  -5.8983807e-02
  -1.1097954e-01
  -9.4356758e-02
  -3.8008203e-02
  -1.6432234e-02
  -5.8429874e-02
  -1.3440198e-01
  -1.4689940e-01
  -6.2292560e-02
   5.7224836e-02
   1.1127847e-01
   5.1797476e-02
  -6.6814773e-02
  -1.1594423e-01
  -4.0265818e-02
   9.1055621e-02
   1.7739261e-01
   1.3475769e-01
   1.2528117e-02
  -4.4912900e-02
  -2.1866387e-03
   9.8985194e-02
   1.6580078e-01
   1.3616174e-01
   6.0617662e-02
   2.2795155e-02
   5.9943870e-02
   1.3008139e-01
   1.4275233e-01
   6.0682864e-02
  -9.1432209e-02
  -1.5470005e-01
  -9.8275421e-02
   6.0329963e-02
   1.6806288e-01
   1.7011102e-01
   5.6382631e-02
  -3.1358720e-02
  -3.6128515e-02
   5.4408930e-02
   1.6388710e-01
   1.6293937e-01
   6.0033947e-02
  -1.1787631e-01
  -1.9591961e-01
  -1.5714954e-01
  -1.7503373e-02
   6.5707337e-02
   4.8441029e-02
  -4.4702375e-02
  -1.7971040e-01
  -1.8796178e-01
  -1.2805718e-01
  -2.2870312e-02
   3.0583735e-02
  -1.1003669e-02
  -6.5796185e-02
  -6.9584089e-02
  -5.8853115e-02
  -2.1372928e-02
  -4.0749413e-02
  -8.8424856e-02
  -1.3921427e-01
  -1.3523507e-01
  -5.9140442e-02
